348
285
3
88
86
95
258
250
101
94
2
3
106
3
236
107
91
235
249
108
244
267
138
85
131
103
90
2
235
237
4
100
82
240
4
107
81
2
98
258
272
107
90
242
105
92
88
3
4
2
100
249
122
106
3
92
2
240
4
96
97
87
84
225
123
2
233
2
248
236
92
85
83
88
244
82
103
3
265
94
3
113
2
217
3
235
5
4
92
5
102
80
86
89
88
97
2
222
3
6
79
3
2
218
4
89
96
87
228
85
84
2
96
4
94
83
74
4
4
76
3
112
253
2
89
2
2
2
2
84
85
80
101
94
89
153
242
247
88
91
88
4
82
3
638
94
79
3
109
83
3
91
92
233
3
228
95
214
1
88
80
85
2
101
99
72
91
85
234
6
77
230
87
89
3
2
2
84
4
236
215
98
2
3
86
81
2
275
2
87
87
99
97
238
237
3
4
221
106
303