143
84
96
93
93
94
2
83
106
13
2
113
3
84
105
6
90
83
7
123
101
4
103
6
87
112
4
91
103
152
76
123
83
84
103
104
96
106
88
100
90
6
91
90
91
91
87
98
94
106
94
94
127
91
93
94
90
105
1
70
81
3
2
81
77
94
88
91
3
3
79
73
2
81
3
3
107
108
88
91
111
94
106
115
89
3
96
8
132
79
107
81
85
86
74
93
93
90
2
83
82
82
89
83
2
106
92
4
87
94
90
4
82
93
101
101
6
98
96
4
88
133
113
94
86
74
90
97
93
82
92
85
2
77
85
2
77
77
82
88
1
76
2
80
117
97
99
101
101
4
96
88
86
90
4
80
91
86
86
98
4
114
82
105
1
93
85
103
3
106
82
121
88
17
3
90
103
10
94
95
98
92
89
97
100
9
2
95
86
2
107
92
83
89
96
95
3
80
99
89
8
92
96
91
93
97
118
104
120
98
113
87
93
104
98
91
136
88
116
110
89
110
2
103
105
88
87
112
108
90
95
97
92
109
84
85
3
2
77
82
93
80
86
93
5
91
3
3
101
93
88
124
5
122
109
116
102
8
4
2
79
93
87
2
87
1
91
91
92
87
109
98
8
103
107
4
107
91
108
4
5
2
106
101
132
137
114
85
91
108
97
98
93
101
95
91
95
94
98
98
117
97
93
87
114
1
95
4
105
106
3
87
5
2
92
91
101
84
4
85
83
81
4
84
4
86
107
7
90
94
101
94
93
110
419
103
5
106
9
131
99
11
90
93
87
14
92
85
96
95
90
87
87
97
4
98
3
6
99
103
89
4
4
85
7
86
88
80
87
98
92
2
94
89
8
93
4
106
100
8
96
4
90
104
4
119
99
9
1
2
107
3
3
119
97
2
87
93
2
97
3
100
86
108
114
116
7
3
95
4
85
96
100
101
99
105
86
104
4
87
3
82
103
84
79
102
152
92
3
5
91
6
4
89
4
8
91
5
85
5
85
3
4
101
164
103
93
96
93
97
7
3
2
103
7
2
86
3
3
2
2
2
86
103
84
88
2
2
111
82
1
1
92
4
107
86
82
2
3
29
100
102
7
99
6
2
82
101
92
106
98
94
6
101
87
9
2
95
9
88
91
3
99
93
104
3
88
86
85
160
114
7
4
92
4
5
2
1
5
2
2
83
5
98
3
4
96
7
103
91
103
112
12
105
81
116
5
5
72
3
95
4
4
84
84
3
118
86
3
82
88
5
98
5
118
95
90
9
96
107
94
3
97
5
2
115
2
2
82
95
6
98
5
87
92
101
3
104
102
91
109
90
8
3
95
5
3
2
94
85
4
2
120
81
1
3
3
77
2
3
2
87
113
2
3
3
1
98
4
95
3
81
103
103
96
85
4
87
4
87
77
76
3
2
79
7
3
102
4
86
84
85
3
3
2
1
1
79
2
91
2
81
78
103
3
108
95
6
93
126
78
5
4
3
2
105
3
115
4
2
2
88
11
2
86
90
82
2
97
2
2
80
91
92
102
112
88
4
77
103
10
5
85
4
5
110
92
99
85
4
3
82
102
3
95
94
87
84
86
6
107
90
112
83
3
6
103
5
83
79
84
1
109
4
2
90
86
2
3
2
2
85
104
3
103
91
116
91
8
75
105
5
96
90
5
6
75
4
2
130
102
93
99
86
99
124
97
106
91
93
86
2
104
89
8
100
95
96
97
78
99
4
4
2
3
110
94
108
5
111
79
85
88
2
103
84
80
4
2
2
102
109
3
91
6
103
106
101
9
2
2
79
96
87
5
2
2
2
6
92
4
83
86
2
2
3
2
81
2
1
2
95
3
2
87
2
3
2
2
88
2
87
2
2
1
76
86
3
88
2
3
1
2
92
3
3
2
1
2
93
107
87
2
2
2
88
116
104
8
88
129
3
4
82
98
91
5
4
3
1
90
86
90
90
97
97
82
93
87
4
88
80
4
4
86
87
85
3
88
9
2
3
2
4
2
117
91
7
97
3
85
5
6
2
2
2
2
90
3
84
3
2
3
2
73
90
2
90
2
88
85
93
93
7
78
98
4
90
3
80
3
82
7
85
85
88
5
2
2
1
2
83
3
3
91
92
2
79
92
96
112
12
90
4
2
3
2
89
7
88
7
96
5
7
84
111
7
5
81
89
3
2
81
84
107
74
90
2
2
1
88
2
87
94
119
94
119
4
5
3
85
8
4
4
94
5
7
90
98
139
9
102
10
99
84
102
88
88
9
96